{
 "cells": [
  {
   "cell_type": "markdown",
   "id": "df01788d",
   "metadata": {},
   "source": [
    "## Haryanto || 181021400089 || Colaborative Filtering"
   ]
  },
  {
   "cell_type": "code",
   "execution_count": 15,
   "id": "eb910011",
   "metadata": {},
   "outputs": [],
   "source": [
    "import pandas as pd\n",
    "from scipy import sparse\n",
    "from sklearn.metrics.pairwise import cosine_similarity\n",
    "ratings=pd.read_csv(\"haryanto.csv\",index_col=0)"
   ]
  },
  {
   "cell_type": "code",
   "execution_count": 16,
   "id": "6c60c891",
   "metadata": {},
   "outputs": [
    {
     "data": {
      "text/html": [
       "<div>\n",
       "<style scoped>\n",
       "    .dataframe tbody tr th:only-of-type {\n",
       "        vertical-align: middle;\n",
       "    }\n",
       "\n",
       "    .dataframe tbody tr th {\n",
       "        vertical-align: top;\n",
       "    }\n",
       "\n",
       "    .dataframe thead th {\n",
       "        text-align: right;\n",
       "    }\n",
       "</style>\n",
       "<table border=\"1\" class=\"dataframe\">\n",
       "  <thead>\n",
       "    <tr style=\"text-align: right;\">\n",
       "      <th></th>\n",
       "      <th>spk</th>\n",
       "      <th>metnum</th>\n",
       "      <th>kwu</th>\n",
       "      <th>qa</th>\n",
       "      <th>e-commerce</th>\n",
       "      <th>keamanan</th>\n",
       "    </tr>\n",
       "  </thead>\n",
       "  <tbody>\n",
       "    <tr>\n",
       "      <th>haryanto</th>\n",
       "      <td>6.0</td>\n",
       "      <td>0.0</td>\n",
       "      <td>9.0</td>\n",
       "      <td>5.0</td>\n",
       "      <td>3.0</td>\n",
       "      <td>6.0</td>\n",
       "    </tr>\n",
       "    <tr>\n",
       "      <th>eka</th>\n",
       "      <td>4.0</td>\n",
       "      <td>9.0</td>\n",
       "      <td>0.0</td>\n",
       "      <td>9.0</td>\n",
       "      <td>7.0</td>\n",
       "      <td>5.0</td>\n",
       "    </tr>\n",
       "    <tr>\n",
       "      <th>deni</th>\n",
       "      <td>6.0</td>\n",
       "      <td>7.0</td>\n",
       "      <td>0.0</td>\n",
       "      <td>4.0</td>\n",
       "      <td>6.0</td>\n",
       "      <td>0.0</td>\n",
       "    </tr>\n",
       "    <tr>\n",
       "      <th>resky</th>\n",
       "      <td>0.0</td>\n",
       "      <td>5.0</td>\n",
       "      <td>7.0</td>\n",
       "      <td>1.0</td>\n",
       "      <td>0.0</td>\n",
       "      <td>5.0</td>\n",
       "    </tr>\n",
       "    <tr>\n",
       "      <th>ajay</th>\n",
       "      <td>2.0</td>\n",
       "      <td>0.0</td>\n",
       "      <td>1.0</td>\n",
       "      <td>0.0</td>\n",
       "      <td>9.0</td>\n",
       "      <td>2.0</td>\n",
       "    </tr>\n",
       "  </tbody>\n",
       "</table>\n",
       "</div>"
      ],
      "text/plain": [
       "          spk  metnum  kwu   qa  e-commerce  keamanan\n",
       "haryanto  6.0     0.0  9.0  5.0         3.0       6.0\n",
       "eka       4.0     9.0  0.0  9.0         7.0       5.0\n",
       "deni      6.0     7.0  0.0  4.0         6.0       0.0\n",
       "resky     0.0     5.0  7.0  1.0         0.0       5.0\n",
       "ajay      2.0     0.0  1.0  0.0         9.0       2.0"
      ]
     },
     "execution_count": 16,
     "metadata": {},
     "output_type": "execute_result"
    }
   ],
   "source": [
    "ratings.fillna(0, inplace=True)\n",
    "ratings"
   ]
  },
  {
   "cell_type": "code",
   "execution_count": 17,
   "id": "720eff29",
   "metadata": {},
   "outputs": [
    {
     "name": "stdout",
     "output_type": "stream",
     "text": [
      "            haryanto       eka      deni     resky      ajay\n",
      "spk         0.400000  0.066667  0.400000 -0.600000 -0.266667\n",
      "metnum     -0.466667  0.533333  0.311111  0.088889 -0.466667\n",
      "kwu         0.622222 -0.377778 -0.377778  0.400000 -0.266667\n",
      "qa          0.133333  0.577778  0.022222 -0.311111 -0.422222\n",
      "e-commerce -0.222222  0.222222  0.111111 -0.555556  0.444444\n",
      "keamanan    0.400000  0.233333 -0.600000  0.233333 -0.266667\n"
     ]
    },
    {
     "data": {
      "text/html": [
       "<div>\n",
       "<style scoped>\n",
       "    .dataframe tbody tr th:only-of-type {\n",
       "        vertical-align: middle;\n",
       "    }\n",
       "\n",
       "    .dataframe tbody tr th {\n",
       "        vertical-align: top;\n",
       "    }\n",
       "\n",
       "    .dataframe thead th {\n",
       "        text-align: right;\n",
       "    }\n",
       "</style>\n",
       "<table border=\"1\" class=\"dataframe\">\n",
       "  <thead>\n",
       "    <tr style=\"text-align: right;\">\n",
       "      <th></th>\n",
       "      <th>spk</th>\n",
       "      <th>metnum</th>\n",
       "      <th>kwu</th>\n",
       "      <th>qa</th>\n",
       "      <th>e-commerce</th>\n",
       "      <th>keamanan</th>\n",
       "    </tr>\n",
       "  </thead>\n",
       "  <tbody>\n",
       "    <tr>\n",
       "      <th>spk</th>\n",
       "      <td>1.000000</td>\n",
       "      <td>0.056304</td>\n",
       "      <td>-0.116537</td>\n",
       "      <td>0.581082</td>\n",
       "      <td>0.271163</td>\n",
       "      <td>-0.183340</td>\n",
       "    </tr>\n",
       "    <tr>\n",
       "      <th>metnum</th>\n",
       "      <td>0.056304</td>\n",
       "      <td>1.000000</td>\n",
       "      <td>-0.520544</td>\n",
       "      <td>0.587092</td>\n",
       "      <td>0.000000</td>\n",
       "      <td>-0.136490</td>\n",
       "    </tr>\n",
       "    <tr>\n",
       "      <th>kwu</th>\n",
       "      <td>-0.116537</td>\n",
       "      <td>-0.520544</td>\n",
       "      <td>1.000000</td>\n",
       "      <td>-0.206625</td>\n",
       "      <td>-0.809945</td>\n",
       "      <td>0.693842</td>\n",
       "    </tr>\n",
       "    <tr>\n",
       "      <th>qa</th>\n",
       "      <td>0.581082</td>\n",
       "      <td>0.587092</td>\n",
       "      <td>-0.206625</td>\n",
       "      <td>1.000000</td>\n",
       "      <td>0.138893</td>\n",
       "      <td>0.324210</td>\n",
       "    </tr>\n",
       "    <tr>\n",
       "      <th>e-commerce</th>\n",
       "      <td>0.271163</td>\n",
       "      <td>0.000000</td>\n",
       "      <td>-0.809945</td>\n",
       "      <td>0.138893</td>\n",
       "      <td>1.000000</td>\n",
       "      <td>-0.535264</td>\n",
       "    </tr>\n",
       "    <tr>\n",
       "      <th>keamanan</th>\n",
       "      <td>-0.183340</td>\n",
       "      <td>-0.136490</td>\n",
       "      <td>0.693842</td>\n",
       "      <td>0.324210</td>\n",
       "      <td>-0.535264</td>\n",
       "      <td>1.000000</td>\n",
       "    </tr>\n",
       "  </tbody>\n",
       "</table>\n",
       "</div>"
      ],
      "text/plain": [
       "                 spk    metnum       kwu        qa  e-commerce  keamanan\n",
       "spk         1.000000  0.056304 -0.116537  0.581082    0.271163 -0.183340\n",
       "metnum      0.056304  1.000000 -0.520544  0.587092    0.000000 -0.136490\n",
       "kwu        -0.116537 -0.520544  1.000000 -0.206625   -0.809945  0.693842\n",
       "qa          0.581082  0.587092 -0.206625  1.000000    0.138893  0.324210\n",
       "e-commerce  0.271163  0.000000 -0.809945  0.138893    1.000000 -0.535264\n",
       "keamanan   -0.183340 -0.136490  0.693842  0.324210   -0.535264  1.000000"
      ]
     },
     "execution_count": 17,
     "metadata": {},
     "output_type": "execute_result"
    }
   ],
   "source": [
    "def standardize(row):\n",
    "    new_row = (row - row.mean())/(row.max()-row.min())\n",
    "    return new_row\n",
    "\n",
    "df_std = ratings.apply(standardize).T\n",
    "print(df_std)\n",
    "\n",
    "sparse_df = sparse.csr_matrix(df_std.values)\n",
    "corrMatrix = pd.DataFrame(cosine_similarity(sparse_df),index=ratings.columns,columns=ratings.columns)\n",
    "corrMatrix"
   ]
  },
  {
   "cell_type": "code",
   "execution_count": 18,
   "id": "0156aa35",
   "metadata": {},
   "outputs": [
    {
     "data": {
      "text/html": [
       "<div>\n",
       "<style scoped>\n",
       "    .dataframe tbody tr th:only-of-type {\n",
       "        vertical-align: middle;\n",
       "    }\n",
       "\n",
       "    .dataframe tbody tr th {\n",
       "        vertical-align: top;\n",
       "    }\n",
       "\n",
       "    .dataframe thead th {\n",
       "        text-align: right;\n",
       "    }\n",
       "</style>\n",
       "<table border=\"1\" class=\"dataframe\">\n",
       "  <thead>\n",
       "    <tr style=\"text-align: right;\">\n",
       "      <th></th>\n",
       "      <th>spk</th>\n",
       "      <th>metnum</th>\n",
       "      <th>kwu</th>\n",
       "      <th>qa</th>\n",
       "      <th>e-commerce</th>\n",
       "      <th>keamanan</th>\n",
       "    </tr>\n",
       "  </thead>\n",
       "  <tbody>\n",
       "    <tr>\n",
       "      <th>spk</th>\n",
       "      <td>1.000000</td>\n",
       "      <td>0.056304</td>\n",
       "      <td>-0.116537</td>\n",
       "      <td>0.581082</td>\n",
       "      <td>0.271163</td>\n",
       "      <td>-0.183340</td>\n",
       "    </tr>\n",
       "    <tr>\n",
       "      <th>metnum</th>\n",
       "      <td>0.056304</td>\n",
       "      <td>1.000000</td>\n",
       "      <td>-0.520544</td>\n",
       "      <td>0.587092</td>\n",
       "      <td>0.000000</td>\n",
       "      <td>-0.136490</td>\n",
       "    </tr>\n",
       "    <tr>\n",
       "      <th>kwu</th>\n",
       "      <td>-0.116537</td>\n",
       "      <td>-0.520544</td>\n",
       "      <td>1.000000</td>\n",
       "      <td>-0.206625</td>\n",
       "      <td>-0.809945</td>\n",
       "      <td>0.693842</td>\n",
       "    </tr>\n",
       "    <tr>\n",
       "      <th>qa</th>\n",
       "      <td>0.581082</td>\n",
       "      <td>0.587092</td>\n",
       "      <td>-0.206625</td>\n",
       "      <td>1.000000</td>\n",
       "      <td>0.138893</td>\n",
       "      <td>0.324210</td>\n",
       "    </tr>\n",
       "    <tr>\n",
       "      <th>e-commerce</th>\n",
       "      <td>0.271163</td>\n",
       "      <td>0.000000</td>\n",
       "      <td>-0.809945</td>\n",
       "      <td>0.138893</td>\n",
       "      <td>1.000000</td>\n",
       "      <td>-0.535264</td>\n",
       "    </tr>\n",
       "    <tr>\n",
       "      <th>keamanan</th>\n",
       "      <td>-0.183340</td>\n",
       "      <td>-0.136490</td>\n",
       "      <td>0.693842</td>\n",
       "      <td>0.324210</td>\n",
       "      <td>-0.535264</td>\n",
       "      <td>1.000000</td>\n",
       "    </tr>\n",
       "  </tbody>\n",
       "</table>\n",
       "</div>"
      ],
      "text/plain": [
       "                 spk    metnum       kwu        qa  e-commerce  keamanan\n",
       "spk         1.000000  0.056304 -0.116537  0.581082    0.271163 -0.183340\n",
       "metnum      0.056304  1.000000 -0.520544  0.587092    0.000000 -0.136490\n",
       "kwu        -0.116537 -0.520544  1.000000 -0.206625   -0.809945  0.693842\n",
       "qa          0.581082  0.587092 -0.206625  1.000000    0.138893  0.324210\n",
       "e-commerce  0.271163  0.000000 -0.809945  0.138893    1.000000 -0.535264\n",
       "keamanan   -0.183340 -0.136490  0.693842  0.324210   -0.535264  1.000000"
      ]
     },
     "execution_count": 18,
     "metadata": {},
     "output_type": "execute_result"
    }
   ],
   "source": [
    "corrMatrix = ratings.corr(method='pearson')\n",
    "corrMatrix.head(6)"
   ]
  },
  {
   "cell_type": "code",
   "execution_count": 21,
   "id": "f3502395",
   "metadata": {},
   "outputs": [],
   "source": [
    "def get_similar(movie_name,rating):\n",
    "    similar_score = corrMatrix[movie_name]*(rating-2.5)\n",
    "    similar_score = similar_score.sort_values(ascending=False)\n",
    "    #print(type(similar_ratings))\n",
    "    return similar_score"
   ]
  },
  {
   "cell_type": "code",
   "execution_count": 23,
   "id": "e36340d8",
   "metadata": {},
   "outputs": [
    {
     "data": {
      "text/html": [
       "<div>\n",
       "<style scoped>\n",
       "    .dataframe tbody tr th:only-of-type {\n",
       "        vertical-align: middle;\n",
       "    }\n",
       "\n",
       "    .dataframe tbody tr th {\n",
       "        vertical-align: top;\n",
       "    }\n",
       "\n",
       "    .dataframe thead th {\n",
       "        text-align: right;\n",
       "    }\n",
       "</style>\n",
       "<table border=\"1\" class=\"dataframe\">\n",
       "  <thead>\n",
       "    <tr style=\"text-align: right;\">\n",
       "      <th></th>\n",
       "      <th>e-commerce</th>\n",
       "      <th>keamanan</th>\n",
       "      <th>kwu</th>\n",
       "      <th>metnum</th>\n",
       "      <th>qa</th>\n",
       "      <th>spk</th>\n",
       "    </tr>\n",
       "  </thead>\n",
       "  <tbody>\n",
       "    <tr>\n",
       "      <th>0</th>\n",
       "      <td>0.677908</td>\n",
       "      <td>-0.458349</td>\n",
       "      <td>-0.291342</td>\n",
       "      <td>0.140760</td>\n",
       "      <td>1.452705</td>\n",
       "      <td>2.500000</td>\n",
       "    </tr>\n",
       "    <tr>\n",
       "      <th>1</th>\n",
       "      <td>-0.000000</td>\n",
       "      <td>0.204734</td>\n",
       "      <td>0.780816</td>\n",
       "      <td>-1.500000</td>\n",
       "      <td>-0.880638</td>\n",
       "      <td>-0.084456</td>\n",
       "    </tr>\n",
       "    <tr>\n",
       "      <th>2</th>\n",
       "      <td>1.214918</td>\n",
       "      <td>-1.040763</td>\n",
       "      <td>-1.500000</td>\n",
       "      <td>0.780816</td>\n",
       "      <td>0.309938</td>\n",
       "      <td>0.174805</td>\n",
       "    </tr>\n",
       "  </tbody>\n",
       "</table>\n",
       "</div>"
      ],
      "text/plain": [
       "   e-commerce  keamanan       kwu    metnum        qa       spk\n",
       "0    0.677908 -0.458349 -0.291342  0.140760  1.452705  2.500000\n",
       "1   -0.000000  0.204734  0.780816 -1.500000 -0.880638 -0.084456\n",
       "2    1.214918 -1.040763 -1.500000  0.780816  0.309938  0.174805"
      ]
     },
     "execution_count": 23,
     "metadata": {},
     "output_type": "execute_result"
    }
   ],
   "source": [
    "action_lover = [(\"spk\",5),(\"metnum\",1),(\"kwu\",1)]\n",
    "similar_scores = pd.DataFrame()\n",
    "for movie,rating in action_lover:\n",
    "    similar_scores = similar_scores.append(get_similar(movie,rating),ignore_index = True)\n",
    "\n",
    "similar_scores.head(10)"
   ]
  },
  {
   "cell_type": "code",
   "execution_count": 24,
   "id": "e0d80c16",
   "metadata": {},
   "outputs": [
    {
     "data": {
      "text/plain": [
       "spk           2.590349\n",
       "e-commerce    1.892825\n",
       "qa            0.882005\n",
       "metnum       -0.578424\n",
       "kwu          -1.010526\n",
       "keamanan     -1.294378\n",
       "dtype: float64"
      ]
     },
     "execution_count": 24,
     "metadata": {},
     "output_type": "execute_result"
    }
   ],
   "source": [
    "similar_scores.sum().sort_values(ascending=False)"
   ]
  },
  {
   "cell_type": "code",
   "execution_count": null,
   "id": "92001f06",
   "metadata": {},
   "outputs": [],
   "source": []
  }
 ],
 "metadata": {
  "kernelspec": {
   "display_name": "Python 3 (ipykernel)",
   "language": "python",
   "name": "python3"
  },
  "language_info": {
   "codemirror_mode": {
    "name": "ipython",
    "version": 3
   },
   "file_extension": ".py",
   "mimetype": "text/x-python",
   "name": "python",
   "nbconvert_exporter": "python",
   "pygments_lexer": "ipython3",
   "version": "3.7.12"
  }
 },
 "nbformat": 4,
 "nbformat_minor": 5
}
